99
938	5185	6378	6509	9994	5987	4878	4720	9340	3563	5112	8723	803	2271	5979	7470	5526	2312	9377	1679	7420	7457	7815	4587	6020	1671	321	8947	1251	4178	2779	2864	3212	3613	5797	7940	3757	4374	5486	80	1797	6712	2283	9830	6263	6003	7641	915	4418	8324	5303	1090	8617	9857	6528	6679	5244	6414	7900	6402	2106	6574	7779	9364	7157	457	1878	2052	8350	4650	9526	2394	4016	5342	6411	3329	8545	4832	2138	2347	3361	4175	1358	7588	7531	3457	4465	9198	129	5870	5627	8751	9751	2565	9956	5773	8616	854	4941	992
2892	4511	3142	9645	3395	9478	884	5666	5570	3546	9075	6827	4600	6523	3409	2861	214	9323	4858	3988	6002	6306	7300	8192	2515	4728	1259	2423	9924	4320	2248	1022	8803	7285	8321	1988	3174	6891	4387	9837	3955	8608	7336	9368	5465	757	1843	4456	1352	2988	4518	6422	796	8095	5783	5803	1454	99	8437	9812	7091	5986	9117	8395	4411	9733	5145	3005	4084	8687	3105	7129	3829	7728	5399	7530	5581	591	9928	6046	4572	5706	3001	7605	430	1508	2089	5839	118	2781	6967	2571	7774	9216	1163	4664	1160	7369	9136	7134
5455	7999	815	855	4589	664	2845	2689	5103	9064	3761	6588	2256	9206	9457	8935	4671	6395	6419	7596	3456	8034	9855	1089	3887	6828	4862	9769	2438	3060	8458	8824	5826	2625	377	4644	1221	7189	6720	6471	1016	1418	1904	3034	7344	3448	9824	7812	6878	701	8262	9007	1049	3568	3273	1279	5119	6383	1249	5584	6963	5240	8287	5913	8552	4874	1443	2078	8205	2196	276	3431	4712	3869	9013	8933	504	9706	3495	7235	5111	3071	582	5650	9179	4402	8031	9981	8391	6174	9222	9946	7772	3552	2334	7063	5539	5000	3900	1384
7246	3927	3502	3151	8970	7879	2037	329	9078	4491	6271	7463	2321	9034	8454	2641	6860	6724	9768	4719	543	8536	8837	6444	1519	3915	8048	7964	2308	6180	7759	6908	4302	3362	317	6099	2218	5506	9459	1048	5215	2097	6930	3682	9860	1228	9056	3305	3598	4583	2127	924	9767	2766	8584	177	9346	513	4376	7185	9679	6163	3475	4615	2663	1868	6955	4397	3326	8007	7301	412	2797	11	7904	3223	4337	9436	5924	5272	3419	9089	9180	6870	4546	8216	199	8032	1390	2589	1912	994	6848	9586	5692	182	3583	4552	7852	288
9969	6779	6802	3	4079	4340	5978	1144	8284	1683	7979	8407	670	2714	6071	1261	3680	7273	2213	6896	2400	3369	9527	3582	4427	9790	2899	7785	3138	7074	3672	486	5261	1141	299	2847	9970	4965	4824	3776	5744	9688	4256	2630	9401	1118	6285	8016	5169	9606	9613	3588	7792	4604	6869	5510	8241	7460	6533	6195	1537	3889	4006	1000	4055	4092	9980	3381	540	9629	7873	373	5208	7150	8025	3335	7718	722	8365	7169	6572	9140	7787	4906	9685	4124	6818	9009	8702	1130	8849	4318	7201	43	2971	7180	7417	5225	7725	1604
8795	6293	7643	4266	6463	2207	3535	829	5142	3256	1112	5517	1497	404	3432	8471	9892	1864	132	8331	7037	123	2858	3596	6045	6446	454	9707	7501	8749	1747	9400	9030	6248	155	8929	1047	6630	2520	1423	9899	4501	8101	2624	5980	1477	6289	1132	5077	791	1853	9345	6390	1168	2569	3981	8348	4011	5431	617	3447	913	9975	9974	187	661	4025	2843	1650	5535	1515	5925	5862	6176	4635	1993	4368	4926	8542	61	912	9811	2680	6988	5734	3892	2108	5576	8857	5250	3243	5115	6586	8503	7104	4135	2735	9426	3405	9488
7966	368	487	8587	8281	3884	4884	2391	5840	5795	9734	5162	1236	2259	5476	3814	2904	3234	2920	7882	4564	9477	1305	5027	8575	3309	3154	3263	8465	1939	2310	2181	1826	406	28	8368	8671	2490	3047	1928	6304	763	7064	8744	7880	1425	5009	8225	6863	5571	4330	589	3165	7808	5099	3322	4412	1765	3244	7419	4622	384	3186	85	4227	9153	7724	807	7440	3217	1051	5291	9901	8325	1627	953	9266	8053	2134	313	9643	1040	8624	212	5914	816	4972	7371	2501	6578	8066	5227	3765	6856	2506	5050	458	6379	2964	5901
9254	284	9219	1182	2505	7060	6064	2739	5863	204	9337	9925	9255	1969	9011	7151	6957	771	7831	2481	6361	7161	7846	316	4095	819	7892	8805	6901	3987	5841	4563	3062	1374	6343	3601	3352	7469	9800	5546	1612	6753	3225	7901	2629	9858	2260	1982	6759	5582	8043	4441	7877	7563	7654	2491	2701	8094	3591	9890	1599	2185	6666	5784	4904	3145	5649	8519	5632	8168	6773	8667	488	1240	8260	9813	1202	1255	9215	7737	4844	9922	4951	1575	7374	830	4038	981	6136	7233	31	963	6492	9472	7809	1617	8621	308	9185	4747
1962	5531	9475	5325	3095	3971	2711	4519	5629	3999	2269	5837	2962	7203	6133	1827	6541	5928	1169	419	3849	4478	9129	5728	7364	3035	3132	2351	9113	3399	6624	9042	6822	2201	194	1957	8302	4709	3647	2151	3090	4727	9171	3253	9158	8543	1495	7574	997	6198	1470	2005	2058	7471	4479	4646	2319	3538	6101	25	5159	7059	2748	8982	9625	266	764	9297	8122	2981	1084	3973	4203	4626	9387	7525	8125	2956	3219	5254	4871	8445	847	6551	1330	4678	5912	1005	8314	8233	4191	9356	5146	8497	9834	9574	5253	1623	3295	4388
6134	3086	6945	5765	7984	4240	6547	8247	9870	9017	1874	4715	8975	1426	7211	5534	2599	3094	886	2341	9627	6507	3891	1717	8949	8018	2905	1744	2280	8033	3353	8411	2203	3676	101	3779	7497	3473	6832	8374	4471	7254	988	5297	6194	1167	8164	7381	9941	7532	7084	6931	322	6145	8259	4829	6261	2479	2115	4931	7115	3594	9989	142	9632	5589	9817	8940	5370	845	3327	8352	6882	1967	5945	2936	5448	5232	4978	9785	8288	9694	3822	3931	7121	7671	620	1424	6	1292	9173	2274	629	6283	5764	8147	7145	696	9814	9327
8118	357	7878	2731	5222	5267	2559	6631	4463	6034	2575	8279	8974	1936	2336	4150	7382	6702	496	647	6392	4663	163	5053	9272	4573	2553	5273	2529	7993	1225	1367	3423	9354	5154	3464	5591	9142	4114	1662	6549	2697	8722	2548	2220	7243	1606	5746	4666	9262	9238	8799	4785	8442	4059	594	3296	643	4699	7393	3998	958	5624	7394	2474	5285	6889	3774	6098	7347	5966	6799	4404	8358	7467	4031	8648	7058	8846	526	7519	9443	528	2477	1361	1518	8073	7575	571	7202	5484	3531	9407	1413	2997	7565	9943	1630	6233	9962
8677	5508	6755	5113	1609	7159	9951	8276	5880	2829	2316	6643	8455	602	7699	2422	6029	397	3446	952	6102	248	4899	2226	4776	5678	3579	4406	6833	8574	6090	7840	3857	7156	2791	2216	971	7173	8875	9450	6031	4657	6408	2499	8718	2906	190	5017	3371	3649	4896	7936	7154	19	1992	6464	5175	3257	5963	8535	4170	3210	5085	6433	9761	4473	6039	1769	8444	6359	9079	4274	5994	6597	7593	5981	2839	4370	2618	7195	149	2287	9930	1281	6573	9386	1726	8604	1450	1063	1706	2251	5449	6986	4958	4487	5623	833	5059	2716
1978	7176	3810	4873	6873	5578	423	4987	6800	3215	2100	6568	5274	6981	8757	8228	7023	4248	8378	8297	1750	34	944	9953	7983	9293	853	7026	9350	5639	4571	6932	979	5366	4923	312	5854	5834	852	1195	2730	3855	7926	6356	3281	6627	1922	3688	7505	2546	5767	4946	6335	7280	8265	7980	2087	228	4796	8003	708	8801	2043	9015	9132	4292	7823	5247	7713	9744	9784	5304	1177	9334	8030	9920	2214	642	3169	3233	4660	5314	1974	1849	7522	9729	1526	1218	8959	1107	8327	8476	4809	6971	337	9513	5871	1111	6202	8740
324	9053	584	766	4058	5779	5601	301	7987	6053	2945	9076	2194	7199	8017	3367	7077	4661	8533	46	1501	9003	6115	5123	1801	2278	300	1327	7229	7991	87	3485	4139	8913	5670	3444	6518	3239	6529	4422	5825	8887	6075	9081	1105	1475	6539	242	3966	875	3246	2992	4801	4968	4108	7554	4848	293	6203	6817	393	3566	9257	7622	9291	7164	8754	3710	2047	8483	2113	8135	6413	5792	467	8978	5058	1652	9214	780	980	5732	298	6942	5521	5682	9038	7465	4180	1954	8867	8900	4430	3461	8357	6673	519	4249	2946	698
3417	6740	2333	2681	2191	4629	2242	767	8747	6543	6266	3240	514	4648	7094	314	4526	6076	2446	9657	2401	116	7407	8354	8410	8434	3342	7331	6749	4073	6692	3196	5727	5614	9212	333	5004	5532	262	1494	7576	2650	6994	8864	4283	9835	750	9134	2184	9120	4595	5555	8792	2504	3766	8315	6685	2165	2206	1430	3486	6584	1675	6972	9993	9582	2786	5480	4557	8246	8248	1946	7965	2692	4307	9520	1784	3581	8160	8588	7777	2062	8636	3730	874	6282	8968	8614	8076	2427	8964	6916	6106	7538	9296	8384	2740	1346	71	5042
2590	5151	5665	7140	7152	1958	7128	2587	1150	8565	3298	243	2	4555	359	2421	9649	3866	5634	6504	9720	2437	6151	2000	9071	466	6623	463	1933	5438	2445	7556	6772	9016	5144	1356	5311	5166	6284	7450	1611	7355	7267	5875	1389	2789	2995	6059	3989	5456	217	6369	4766	5845	881	6868	235	8688	7602	74	7292	926	4393	171	2296	2120	2798	7821	680	1570	4597	1191	5718	8004	9774	7708	176	7516	5028	8446	448	432	2521	2258	1312	3624	7762	4043	562	3339	5199	7561	3844	9055	2659	2595	4609	5931	2131	9435
7163	8945	1344	7855	569	6473	3882	5493	7271	8789	2859	447	5780	3545	7372	8943	1152	6388	2484	1786	6291	3226	4805	575	8108	542	7919	9640	8724	817	2886	5377	150	3306	9869	5944	5696	3254	4	2725	9897	3245	8828	8950	9481	4701	1248	8069	338	2470	3835	437	1607	1658	124	5770	8245	5051	424	3437	2331	6452	851	4528	9889	943	7348	3067	131	4194	6956	4202	1620	2950	3470	3721	9298	6319	1096	4625	1310	5098	8572	3479	7510	2208	8191	1422	2758	5237	9599	8916	8891	553	9039	2209	9737	740	7826	4101
1625	332	5002	1340	2317	8362	5946	2879	738	2101	173	62	9020	5108	8930	719	8232	7819	469	8577	8373	6311	8909	7810	7138	3007	644	4212	9232	4499	4401	5069	2915	3476	983	9278	3910	8107	5893	4764	9985	6279	756	6240	2900	4200	5561	7764	6035	6730	3277	608	7863	2562	8169	4213	3830	5674	1234	3308	9964	8273	3394	4116	9416	7857	7362	6797	9497	8684	5662	4649	4889	3114	697	2737	1219	714	1117	3958	8479	5452	7428	7193	7938	559	4295	1554	3789	8189	3728	4539	4189	8463	4408	9585	4254	6374	2402	1754
4045	3160	7564	2612	388	8452	2030	3628	2482	3527	5132	3944	3162	2478	5479	4395	8149	8956	7396	1740	2745	9673	6703	1324	1581	8	3749	9226	9453	9508	8506	1678	9637	323	9807	9094	7971	3271	4642	645	6197	1815	5866	1227	3426	1788	1122	2784	3355	4383	4990	274	4771	261	9447	2217	2167	8516	3359	9947	6352	8686	5827	98	6468	5160	5105	1648	2430	2677	1920	1002	3925	1069	6660	6855	5939	2309	2110	5161	7379	3957	6933	1492	3366	9610	6890	9793	9856	3726	8675	2483	774	4024	7604	4915	470	9150	837	4925
2713	2384	6850	3449	4391	5514	8664	225	5822	856	7517	3984	3752	1751	7750	674	1273	6946	232	5346	5600	2793	893	4988	1938	8438	6246	8369	5890	1102	8140	7343	9535	8337	2189	7443	9186	8116	2237	3708	8763	1186	8539	1692	8532	5117	1205	4106	362	4110	5323	2160	8779	3520	1605	1880	1808	2192	8098	9063	7843	2583	9908	5320	2036	6250	7888	4198	1394	4782	6019	7492	1926	1810	6999	7690	7928	1406	3168	2780	3041	2409	5233	905	8312	348	3542	1655	7340	8404	9810	4725	777	6816	1355	9341	2674	1379	704	9178
5218	8871	5421	5618	7988	6765	959	8814	1	6054	1818	7897	2337	4556	4219	4247	5088	184	2244	1514	6494	9516	9808	2288	8482	8060	5224	3411	6103	1442	7570	3497	7683	7603	6336	7638	1210	480	9480	9628	6700	4891	1990	2733	6111	5406	814	2566	6667	5187	1764	4910	2932	896	5489	1004	5516	7357	2818	1463	9004	8203	6153	7511	344	4407	6030	3089	860	5612	2882	5645	5411	4545	2379	7289	8810	3665	9363	9165	707	7406	8308	4379	1075	1031	8647	147	739	9385	7891	5698	6987	3960	9844	7845	3914	3646	1345	6333
4263	2927	2410	5353	297	422	9391	665	1217	7791	2942	4377	984	8432	4943	9683	609	3384	5258	4453	7630	4614	1572	3270	2066	1700	4737	530	6288	1985	3334	1319	6854	9652	5430	7912	3364	3512	3474	7141	760	9850	6443	1400	4872	2828	4262	39	7186	2080	7421	4287	3694	6483	9087	6294	1824	1780	2870	8884	6531	2903	5341	2306	4312	1325	3539	2305	1919	4608	9369	878	7224	185	5012	5360	1129	9581	6654	7773	5961	8944	6130	6227	8023	2091	6839	9797	7378	2715	2369	6148	1334	3648	7135	7143	4049	8609	6691	548
6017	4484	6386	2727	7573	2426	1058	6353	3459	5405	4489	2104	5774	5434	3216	6072	1460	6524	1915	7160	970	9504	2930	8534	9882	3653	902	4195	6313	744	7111	1465	3048	1332	394	9671	8835	7670	9699	5313	120	4632	7679	5833	862	7674	5266	8769	7994	3658	6207	6723	6337	2601	2241	5383	9182	9006	9626	8190	9258	3883	6502	8965	4268	2124	8844	3397	2591	6303	7662	9546	2862	9383	4290	5067	8002	7400	841	428	5528	3321	3756	5181	4617	1792	6629	4317	4335	3837	613	6801	6033	2820	5596	6051	8385	8741	5049	6193
9780	5879	864	1548	3028	3622	8549	4882	4966	7373	6280	7841	9786	4415	9651	2008	3570	5211	1714	21	1127	5078	7170	8852	7296	5892	9635	8815	6852	7317	4452	1995	1254	8969	1645	4125	9449	2330	4433	2395	7707	1668	1823	7363	6354	9352	9021	1742	1813	4833	1488	717	4052	6865	7377	3396	1665	2295	106	3769	1079	4976	639	363	8467	4226	3429	7179	6747	8841	6296	5882	3755	6996	3058	7651	6961	9650	8915	1405	8451	2662	985	7567	6977	5737	6243	2916	1339	343	1641	4651	3398	1573	8396	5422	2345	9675	5334	6907
9479	9442	842	9597	5652	4338	2223	8761	6344	8876	6601	3088	1027	4601	3840	6964	1263	2119	7168	8323	7544	5807	4161	1894	5909	1796	5958	3386	8012	9145	245	5230	8349	4269	3905	9452	8579	3800	8613	2285	1408	7914	3813	8453	4772	6326	7545	6281	8141	4778	3962	7295	94	6264	8596	690	3729	2044	7239	502	9330	5289	8194	1544	4046	6913	1972	3099	231	6219	6653	6205	668	6292	9523	6312	7125	253	1842	9575	4516	2382	5462	2926	9891	4924	3267	7908	3553	7005	1184	4790	9052	732	22	6501	4825	6736	3360	7952
9131	7744	5975	3956	3119	3593	1854	7509	429	3500	5659	4842	745	3523	201	1085	1183	812	5125	2844	5358	693	716	5848	784	5740	7302	7790	8177	6714	9534	3691	9010	6490	6620	1038	6199	3092	3185	8870	2302	9937	6675	4190	1811	5527	8199	4839	3795	9805	8485	8594	7220	6307	2462	2141	4238	2054	5122	8888	9440	2148	6782	5044	5681	631	4759	2340	5711	3868	9144	4386	5330	9877	4019	1542	9590	5507	2643	4586	3166	9776	1510	8224	1632	512	7577	6117	5082	895	13	4119	1461	2371	5150	7182	3501	2572	181	5823
5343	1083	7537	8656	7859	1687	8601	1311	3847	4087	8697	2123	2776	7680	1338	2657	8389	8229	7860	2029	2607	5496	2813	5072	4091	2655	9973	3923	1551	9167	1482	9914	2827	825	2640	3600	748	6783	6325	7057	6000	4576	2016	8592	7887	8907	5801	7858	8335	6906	2475	9715	6277	4707	5512	7025	7669	3760	6235	3949	9461	8115	4710	3333	8063	3463	6669	509	1466	8693	9738	9455	5759	3528	3195	10	518	2103	1148	4695	8681	5429	7836	1716	3129	3496	1646	8201	811	3282	4672	5193	1998	9607	1034	6701	2325	2615	2531	6650
4477	8145	4810	6697	3954	9518	9174	5246	8540	2146	5831	2311	84	3436	9315	6038	9280	1550	5321	7216	6974	7015	8309	3936	9760	598	4933	5900	1237	9086	9482	4253	5805	1300	4828	2985	7710	6709	4071	5758	8480	4162	2685	8830	5813	222	334	2592	1072	7298	4690	4245	5172	8599	1282	5345	9795	4197	484	9939	2654	6129	6664	9668	4860	4369	8547	8568	4267	2070	5217	2518	90	7731	6268	1046	8184	3695	9217	108	8222	8567	3778	278	3421	4297	6457	5846	4662	6527	6158	9587	1137	5955	9524	4442	9275	4956	8316	6122
7610	1883	987	9032	7476	5460	8750	6613	3836	2604	8679	9712	8429	7281	9611	2516	7862	8748	9514	2700	2370	8257	567	5598	5745	5413	6231	6581	2593	5791	4405	8699	2806	6611	5	6793	1200	4574	1326	1932	7558	4014	3947	9885	4548	6626	3022	7838	8955	4804	8311	4901	2724	4313	1109	2154	9248	7794	4414	2691	3414	5566	9992	1829	4855	1008	5694	7236	2121	8645	7676	6220	4981	1316	4336	8001	7391	6081	9044	1820	41	3993	3455	7578	7441	2931	2884	8615	9682	508	4306	8035	7555	4396	4540	4724	281	9274	3392	2799
4187	7727	8298	2304	4322	6861	4523	1758	3472	4934	102	9639	1989	5877	2314	7032	468	7874	349	473	5515	8128	8860	9286	2726	2777	848	1848	9701	5386	5920	6877	3609	9414	9752	3759	1342	4332	5454	6469	3304	6104	1595	6139	9065	1686	2933	9091	8015	2597	9287	5433	7624	2902	9279	8086	3860	2582	5472	7902	4144	7071	892	8704	6683	3084	2386	7466	374	7110	4962	8561	9403	6097	2667	1307	972	651	6084	1529	3203	4786	4686	2620	6819	4468	8717	7260	4018	5295	4255	7549	2687	6092	5278	5785	4078	6768	5547	5685
6223	1590	3101	2977	8263	882	1086	1417	5416	4970	4431	9139	491	1444	4645	3928	67	2161	8819	5597	8425	7801	9213	5201	5717	7925	12	8092	2496	2764	2211	8406	4417	535	2736	8650	8280	6458	1835	1905	1695	2688	810	1121	6711	221	3197	4403	5102	2707	9859	2774	8197	1924	6254	5262	4375	5809	6757	3096	5418	8153	7166	4113	3010	3985	7562	7982	2834	8954	1431	8254	1540	9542	694	264	9819	8999	4591	327	443	9196	6670	8877	1269	7321	8186	2842	1176	9294	6559	5322	4182	9397	9247	9392	1775	8845	2375	9799
5572	2636	169	3025	5794	7652	7370	5025	2996	950	527	3070	4940	9692	6652	6330	8662	2083	1785	7184	4998	7448	6061	9522	2672	7087	2944	3652	2117	9845	7890	1636	662	2365	7268	9193	899	5450	9347	2222	4032	7303	821	7266	1303	6036	8661	8416	5705	8061	9677	2552	6830	7746	5286	978	9909	7234	2322	3231	4121	100	1656	1429	9977	9935	546	6804	6218	9570	367	8304	1533	326	8785	8138	6590	649	4284	5990	736	8449	6340	8180	6221	9716	8762	1844	2825	5445	4172	3510	7308	183	5466	3465	549	3509	6267	1712
1204	4969	6829	3026	9794	4314	7314	7307	2770	9054	883	5083	9122	3722	8117	7856	7197	4536	7814	2447	2539	4861	35	1335	2534	1916	342	1903	2303	5378	6023	1391	3213	7252	5647	2034	4057	1682	414	6514	29	8557	3764	4002	1403	9971	2525	387	5911	5933	6260	1433	9554	9412	37	9880	1484	7375	9147	1378	1861	5055	9598	2245	3569	919	5015	3736	5610	3487	7350	957	2998	2112	7147	3083	9439	2811	3445	7353	7706	4744	9041	3926	117	5073	4798	4026	8586	4112	2053	6944	8643	2664	6309	6201	2210	4303	6451	9476
6595	8694	2869	8062	7820	1876	9936	5573	5505	7529	2760	4975	1840	4142	9700	9495	2613	5938	4273	7287	7431	4003	5686	3963	564	1029	9233	9631	1459	2970	8380	8966	3846	1727	9589	3525	8386	4156	581	4308	7500	8359	9569	8102	7705	9036	2854	6120	3064	6460	8447	9888	4745	6676	8962	8527	9661	920	922	6327	490	1681	3319	5481	7916	9366	7187	8894	5163	8756	5926	2865	1503	8080	3079	4791	4761	9809	8893	238	7923	2908	9249	1065	4062	9027	749	7429	6387	5439	3992	4845	5676	6821	3934	7829	7995	5197	4352	5948
1951	6743	7392	3758	637	6375	9489	3391	6362	8737	7732	3202	6298	8775	3220	4702	8537	4316	1188	616	5442	4647	346	2032	1104	5256	6857	3320	5461	6079	3085	5498	156	6770	1077	3112	9019	3403	6904	3439	3293	5157	3228	2261	6534	1772	5663	8899	8859	7755	7535	1971	8625	191	3252	5299	6632	8786	7190	6466	7387	4259	489	9730	3363	3717	9654	4310	666	3930	1834	3408	9865	1035	1600	5390	2598	1194	4327	3345	6715	539	4459	2767	2364	4355	5891	4612	7339	5482	7850	5865	3797	9418	1799	2682	8511	5806	9268	3198
8923	9710	4893	478	8674	7174	1865	1871	5751	2649	6938	1783	5257	2909	579	1490	4234	9239	5035	8938	6560	9303	8701	7075	8538	6512	2538	4568	2958	1115	7757	2153	6470	5141	6156	9121	6449	4413	557	4847	7663	1814	8816	4652	6532	5747	4192	7684	481	4806	7906	2495	9696	8593	9965	96	718	8927	7311	260	205	4875	9757	969	195	2771	272	6513	3777	5196	2178	9540	8566	3767	5351	6410	498	5605	2543	9987	7486	4953	9756	9708	5916	2434	6544	6497	5551	7052	5768	8299	4224	5133	1435	506	3290	7188	8022	8707
8666	416	6789	8146	1693	2508	6661	3310	7621	4298	6222	1472	8167	1383	2099	9573	8631	4763	3179	6530	8498	8934	7828	4781	5037	929	3911	7003	733	6349	3016	3027	4205	9197	6242	1577	3651	1180	7640	8847	3540	2297	8720	3919	9664	8980	790	8166	2362	7183	7494	5993	4952	15	2576	2315	1838	7742	1198	1039	4475	5635	7047	8271	7346	9486	7548	9655	5529	8571	2605	1280	5245	3687	3073	9244	249	6183	8611	4140	8794	8187	1831	2500	2560	7356	8727	8472	4840	9998	1547	1685	5502	818	5427	6535	996	7738	5702	2323
418	4485	5276	6211	8602	7445	9872	1644	3418	134	3410	1906	3491	6024	5319	7093	442	3249	1798	1803	9228	7752	8991	9802	9423	4544	8270	3318	36	5494	9444	3264	2877	92	3385	4799	10000	7031	9118	5075	2808	5034	3685	4789	8644	1419	2787	5874	8796	6795	197	1929	4623	6939	4230	5878	76	9831	6297	5949	5790	7758	4470	7109	138	4136	122	1464	9796	7955	8179	4111	2149	2257	762	3577	151	2795	7632	3856	1351	986	5905	8984	215	178	4613	894	2848	737	6346	2686	6245	9726	9405	8988	5999	761	5971	802
9043	1211	3349	210	630	687	911	5735	6582	6812	7657	8700	3543	7636	3011	4927	1999	8600	8709	9979	7446	4382	8381	6426	5118	6482	1189	7259	6808	3443	7062	2457	7512	954	280	1624	3006	1449	8310	4658	928	7124	5766	9068	3557	3127	2455	6087	6209	8214	8223	256	1230	1948	910	3564	2581	9029	8067	3030	354	3200	2522	3865	2720	9070	401	4117	7786	1134	5204	7404	6671	143	6867	4157	286	8758	3248	2665	1088	6625	8370	5922	1350	7436	9674	9906	615	5269	5089	8639	2469	6526	2841	2773	154	7139	2159	9529
8188	8989	8895	3237	861	4803	1336	2468	8580	2450	9564	3287	1741	7811	1918	4506	3826	2744	3003	152	1284	8013	1060	6432	8052	731	8712	5287	1674	5668	778	9357	7416	7802	6690	9093	700	7881	6057	6321	4683	6951	8296	503	207	7366	2600	5793	2020	9926	3428	6607	9313	1061	9921	4350	407	8963	1053	9866	2555	2969	1396	3229	9102	8917	9190	6169	9765	4158	1881	3938	6196	251	2579	9097	2385	9853	5513	5699	5293	4852	4559	3354	6230	9221	7834	4358	3279	8831	9026	8371	6898	2281	1147	3852	9445	3843	5894	6521
6500	4075	7722	1025	7080	5818	7242	9250	9782	8230	5653	4638	8745	1923	4063	7886	8627	2128	7627	7730	711	7247	1175	619	5324	9163	4426	8770	5565	1158	5071	9049	6052	1479	5326	3317	4399	1076	1659	1886	840	2541	5593	909	8952	5114	4736	8029	4009	8072	4607	6274	4611	599	8475	5396	9002	8957	826	6465	2544	4920	1653	8610	2880	4282	9709	7508	1014	8441	294	8218	4490	8044	1262	9648	1165	5558	8207	4741	6001	4774	799	9344	8305	4118	5362	5084	8317	3218	3684	9775	9264	6922	4706	68	8494	1574	3660	3054
38	1677	2275	8809	8009	4241	6776	3935	5942	3373	1738	583	5804	3770	77	2399	6167	6825	5739	537	5026	2092	7935	3176	7686	4846	2294	5424	9218	6417	5259	3261	787	2668	8112	3841	3266	6635	844	6546	8505	9576	9141	1026	8953	5315	8155	5853	9778	409	1856	5712	4281	4521	9458	4389	8151	2986	88	3623	1591	6487	2190	6112	7929	5860	2912	8405	9317	223	5101	3871	5340	8743	6836	6140	6899	4532	7148	6247	5731	6425	4102	9647	8906	6360	8085	3990	2913	8641	3533	8042	4880	4817	6477	5655	8390	2429	7930	4260
8551	7122	6322	3259	9192	3953	8759	445	964	5191	5186	7861	2888	4983	4743	5960	6339	7833	5888	858	2550	7917	9557	399	529	5522	1333	1585	6763	1094	6214	4364	9135	4179	8144	2461	618	4517	6168	4447	2743	7482	7050	4074	9596	9997	7214	4419	9220	4570	4986	7447	2023	7688	1133	9024	1294	7778	7475	5023	5302	7956	5940	601	3720	3617	2350	172	3430	8767	1270	9415	2404	3347	7595	9496	3742	8088	752	193	4992	2830	3952	3014	198	464	7192	4773	4380	3183	6085	5337	2031	2705	2759	3544	7225	5898	5644	2535
5873	4711	5128	6496	6109	113	9533	989	1097	772	6149	3832	2270	7751	8435	4221	9333	1500	5158	3177	2343	2143	2812	2634	4328	5518	7951	8338	1275	1619	788	7040	1907	2943	2578	585	6384	611	3621	2990	227	9371	9108	724	4250	3608	4363	5952	8623	4093	4616	1816	5220	7489	6175	5959	1385	9867	7969	1364	1244	6137	4123	287	9224	5294	3292	2881	9902	7620	4275	1867	4214	2277	8726	5929	5683	7009	607	5210	3897	8170	4819	9273	6745	6373	5816	8939	7920	3331	1024	8652	758	8869	1106	1900	8136	3466	5559	6579
9578	2219	5409	3157	4543	6985	2723	6100	7484	5032	4525	4278	688	3558	7455	6716	695	9292	5687	1108	8332	1525	5812	3356	1621	1794	7146	1028	9328	9949	4522	2751	1502	4056	8414	3438	1875	7112	1006	8208	5170	4069	5972	6918	1594	8481	7177	7158	7244	3573	1113	3452	1314	9424	2229	7953	5332	2021	3042	3787	5288	5350	444	6596	8993	9952	6612	7933	3631	9125	3745	20	9818	3549	6385	1213	1567	475	5301	3808	9917	1212	1763	8443	1101	5626	9544	820	7384	8706	6032	7269	9954	2835	2387	339	9000	3286	6450	1247
1651	9343	3590	7114	6323	8240	6633	8842	5951	4836	3390	2135	5011	3513	2329	2523	1057	572	9348	1392	850	103	7284	8716	6459	9277	4168	5821	4223	2301	3667	1901	6727	6989	1341	4333	2871	7095	2570	7462	5611	4792	6998	728	1694	7837	8752	8576	5329	5235	7637	577	1246	2966	5046	5469	5229	7491	2001	8518	9779	7349	128	3559	1851	3750	8958	9553	7081	7332	4385	8509	511	63	2823	2415	746	4086	5684	7415	4947	9466	8777	2015	5998	4547	1370	7675	8524	7704	206	4812	3113	1873	66	3666	6015	941	5641	1588
4146	5932	7959	2413	7797	6815	554	2109	8403	1299	3184	8638	8856	9112	9961	6334	7464	9460	3236	7264	1128	5956	5312	2009	7723	517	2420	6600	7309	3693	1879	713	4134	5625	3061	2887	1949	7000	8673	4289	7597	3450	3065	7231	3031	9090	257	7061	3699	1666	3607	9583	9594	1931	550	5284	7733	4593	3886	2132	8630	9231	6047	7992	4859	7579	5106	1846	1633	1304	1171	6510	3068	9884	2180	6069	1201	7911	5756	6132	3833	7584	6571	4066	8771	7401	867	9612	9687	1947	686	304	1506	3823	6897	1709	4371	5279	7019	3075
5263	2699	4982	1348	8361	9667	2683	5006	1445	3131	4293	4755	9320	6328	1067	9660	268	1491	3547	7072	8219	7319	5221	3576	2540	6668	6439	8719	2487	5725	6448	4301	558	9252	3506	1637	2140	23	935	4697	320	2467	1504	7261	2567	340	3140	5688	7337	3878	6324	7479	7768	1809	1642	4199	8178	3297	2071	9896	6160	8093	9243	7696	4010	9169	7352	8401	7136	9644	452	8902	4680	2857	9408	8606	2098	3817	9982	1806	17	925	6393	9023	5872	3715	1095	2094	1833	3555	4535	2788	7615	7265	9549	8285	5690	4467	2957	7842
3640	675	921	5836	3044	3082	8420	2702	5562	2561	2449	6847	5116	6436	5190	9724	9748	7954	6200	4561	3400	9059	267	8227	3526	6983	4138	9396	9207	5997	7001	3572	8286	2778	8360	4067	5887	8826	436	794	6480	3433	7962	7735	2851	290	6083	1777	3894	2339	6803	5775	5936	5700	4816	6485	4305	1987	3627	4429	325	3051	5010	8683	4895	7342	5723	3704	4669	6517	3389	5495	5255	3480	8490	4596	3285	2282	110	4995	3811	115	9083	7766	9789	2873	2118	9419	1866	1032	5375	6278	1778	9104	5216	1467	916	7249	174	3511
4130	3791	8554	4579	9836	6777	3204	5977	4147	2378	1078	8282	6192	3515	7614	2356	3681	9560	6173	9359	3021	3551	5104	2526	1689	5022	6216	5729	2068	7739	7472	6876	5689	8206	1052	6226	9152	4324	9923	2313	8448	1527	7433	6420	9384	2264	2163	5359	5130	5318	9162	5543	3885	5660	175	4482	6241	246	6911	8163	9517	1930	9900	8079	2439	8548	5121	1715	5646	8488	9417	5369	2320	8512	4963	5859	8790	8426	2536	5842	805	991	2852	7639	6107	4347	8008	4325	6806	7439	6141	6587	8730	7804	9110	4481	9468	5417	8028	4359
2533	7424	6648	8863	1732	1045	4474	9988	7493	3961	3584	4217	7528	3762	6881	6976	8242	4165	5843	8283	8024	7672	3077	1411	3350	4993	192	130	9773	356	3146	6172	4207	6476	5367	7123	1138	3980	474	1287	1847	5511	9722	9801	9235	2463	8501	623	7423	3103	8901	411	2065	5538	3744	2935	6418	4674	8464	4181	5096	5701	1062	2557	4684	9804	2878	3242	573	3341	6342	8159	2802	5903	218	9229	9788	3315	3616	8782	3324	2519	6135	2243	770	2398	5857	8124	1404	8379	4155	4064	9565	6959	1499	4236	7333	5165	7021	5552
4562	9281	8649	3532	1872	9057	4512	6807	586	9422	3741	4461	1756	9037	8487	9181	8646	8556	2755	4099	3977	3043	7798	955	1277	8578	956	6953	8081	285	7250	2035	9740	3842	7629	48	3227	6563	3032	6644	3637	4437	3784	7944	605	9022	6147	1154	6646	7461	2116	5043	1587	4251	5788	2513	9082	7323	3340	8038	2775	9263	1173	3172	3906	3402	8303	1199	8839	8546	6398	6914	4935	196	3208	961	6403	5361	7600	5525	1037	1601	6851	1441	5677	2349	6864	4831	4105	7552	7414	9502	5440	433	2458	1313	6143	2076	4807	8728
7304	9325	2717	492	4000	2383	5749	9690	9670	3222	8802	678	4462	7017	6299	5923	4410	9548	1156	3898	3008	5574	5093	8990	2973	5778	2187	331	2279	3732	476	4886	3370	5563	7796	9843	3478	229	7212	1877	6775	4783	7172	9033	8462	2568	7870	6557	1256	1963	6441	1428	7481	6479	3875	6118	6520	4912	2507	846	9074	5896	5407	2353	5373	1516	52	4756	4270	1080	6351	8732	9223	4500	6566	8210	9469	5855	351	7973	7824	3346	4705	6739	6570	1354	6447	1981	1598	226	2968	9798	3864	3167	4580	7975	9686	8492	741	239
9189	6275	4740	6152	7523	8755	4757	9399	4480	9958	1030	5965	6621	9986	2133	7097	3696	89	6316	9777	775	7957	7711	3940	1232	2602	8162	40	9188	9702	1870	2580	9787	3671	9409	4090	533	6177	91	2033	1564	4944	2072	4174	5136	6615	779	4361	9230	7397	2622	1149	8165	8172	1473	318	2596	8040	1579	7745	7178	1125	7483	6662	1012	4641	8157	9538	7714	6761	7795	7002	9727	1489	9195	5707	2757	7149	1680	2205	1560	2524	3024	2231	9551	2698	706	8680	3959	6062	6114	2137	7468	6320	4434	3610	8039	9762	1440	3793
6454	5184	8818	7100	2292	352	4897	241	4514	6934	7409	9571	3612	8821	7376	3803	990	501	5586	3424	9659	2652	7851	4505	6348	9567	6820	8669	5464	5617	6040	3484	7967	1453	5458	3118	7153	4323	4159	3049	3670	8612	2742	8725	1371	2749	9498	3636	4659	166	9008	7543	4288	6995	7734	3916	5777	8774	5954	5155	3702	2718	1945	5781	8994	3262	1970	6919	4004	2107	5331	7776	9595	593	5935	1584	1691	5850	4753	6058	3625	8753	9365	6127	8766	1684	4643	8424	1766	8657	1552	1739	6456	3853	6438	5376	3312	7507	2443	2821
646	8640	369	612	4344	523	1711	2472	3153	4932	5658	1531	6617	7907	555	742	5523	7022	8996	2885	5068	1613	8873	3861	7402	50	4432	4553	7322	2435	6155	2233	568	3618	3719	2252	7036	9062	6186	5621	9848	3662	2941	2617	6232	3632	2204	4885	5173	5796	9983	8928	8558	6424	8413	1602	5856	5408	4867	7194	6885	6181	8885	82	9099	9698	8294	5020	4265	6917	1235	4015	145	9465	8399	4319	5599	7312	5730	1761	3673	3004	8827	8082	2510	7288	6751	7628	2046	5741	6604	8440	7079	2173	186	4378	8049	8742	5910	7013
7972	6302	8340	8595	8987	5419	4044	137	3724	6580	7390	8881	9929	8339	5477	2819	7560	8960	6338	6213	7634	3848	250	3873	7582	5726	7226	302	5691	4339	3677	7513	7875	2239	7619	3435	1412	5024	3599	8306	7909	923	2454	5426	4460	5638	4294	1521	5962	8209	4131	4280	1889	2840	2018	6835	3834	6949	5757	310	1541	1639	9378	8776	7217	945	1896	4698	4713	3903	5630	9349	8690	751	7782	7689	8541	230	8932	4449	6305	4909	5811	6982	3087	6687	8121	653	2290	2782	8200	3300	6364	656	1293	8882	4436	2494	735	2012
1416	6752	967	4300	937	4354	4989	8005	7418	2348	689	7521	4239	5927	1791	4960	3655	7430	3635	5991	3453	4971	6843	6358	7126	1181	7228	1582	4089	7740	5364	9972	4775	7038	6909	4346	4041	6308	5014	2940	8605	6774	9035	350	4021	7534	8713	7320	5976	9605	1673	3689	7864	962	5545	6182	9634	8423	2658	1776	4493	1483	6883	6225	2684	6489	683	1800	8055	2952	2352	2373	6663	7082	2547	8364	2060	8632	7503	9532	9893	6884	2832	515	1795	3109	4921	8590	1437	4348	6993	2338	6936	5703	8099	366	5760	1146	5349	1064
3442	2056	6871	1272	7625	6536	9271	2503	1517	9547	7360	6954	5335	7276	5019	8056	500	6265	9704	6742	7692	6614	3924	1480	3108	4357	7827	9600	4321	4513	7316	8387	6550	4733	3508	4865	6997	5548	3634	1421	6609	2863	4984	6007	8300	2407	2284	727	5915	3224	4035	6858	5239	9361	259	7960	3664	7871	3063	5152	6355	6758	6717	9918	4811	9177	5541	2911	4704	1001	8183	3656	2897	5661	8559	2227	8356	8058	6636	901	6256	273	1192	9763	8658	3816	9025	1845	78	4758	8059	7144	4730	908	6778	2586	6893	2574	4495	7813
7665	1178	7223	4115	9306	2807	1589	3164	8911	9451	3111	4693	641	5214	785	797	9236	2414	9375	934	1059	8812	657	4738	2651	6475	8236	8137	2002	7898	3970	4445	7108	6657	3780	365	4167	4675	4620	6965	9105	1487	1009	2200	5292	9803	7618	1667	545	4961	600	3230	328	1135	1166	5620	6585	1170	1703	1825	5798	1622	9978	270	9681	723	563	4735	3714	6357	9568	3207	3524	9714	4529	5249	8708	3920	5881	9028	2671	3002	499	8268	2558	9887	7780	8696	8783	5609	1524	3180	4864	4097	9894	8347	2961	6210	1042	7721
1707	7996	7263	1640	236	4345	315	2982	4994	2542	159	9871	168	4863	4423	1702	4821	7054	6569	1977	5062	371	6412	5982	8272	6905	4598	6022	1553	9362	5763	1093	7753	4911	9509	4329	1748	6488	47	5124	3268	4856	9394	8879	8096	7368	2756	5228	9483	8829	2262	6811	2549	6849	1850	3659	2729	5087	144	2276	6236	1471	8514	755	8698	7839	3633	7822	3669	9755	8428	9931	282	109	8931	1369	9077	4688	5957	8961	390	1959	2025	2358	7592	4451	9633	6124	2263	4826	5097	5091	2763	9309	4797	9995	3554	9154	8985	6491
9326	7550	8692	2397	7305	8903	5135	2125	7451	536	9839	471	6505	3134	7771	5820	773	3039	7105	1010	1770	2381	3106	3150	2028	6754	4331	4618	3178	998	4036	879	6589	6089	9204	5968	625	9601	6537	4343	450	5603	6706	9832	9225	1860	7167	6750	9	1839	24	8071	3517	8619	9319	8967	2999	2801	252	4164	8171	6154	4729	4341	3733	1126	4438	5236	8781	930	7616	4029	8235	2130	7131	9051	5402	3422	9429	311	2171	7803	2419	5864	6008	9781	2837	1286	1092	5738	8366	2638	5134	7272	2974	2978	7963	283	4372	8173
8659	4096	8585	2628	3592	7498	1452	3738	2937	7658	2174	648	9833	7	7974	4257	5200	477	7422	3516	9510	2452	2653	5761	9379	1363	5243	4922	6756	8457	5509	1308	1145	1973	7896	769	6125	1050	966	4353	5081	5095	3123	1142	5063	5179	6731	8000	1119	1757	188	136	2230	4913	6043	2293	9471	6699	9200	3272	8274	4841	5264	7825	965	8528	6123	5544	525	2086	876	2746	4209	7365	4005	3521	5708	3969	6791	8642	4225	4028	8942	2432	1140	7327	9463	1179	5849	6694	7326	2804	4076	3997	5168	1446	3074	1410	4356	6564
9919	417	3152	9511	5177	1013	3037	6164	5436	1458	6886	1362	4448	7800	6415	7213	6975	1746	7499	9588	7553	5080	376	3490	189	8628	8798	2441	1055	6552	603	8277	5491	9825	4929	5397	1539	4750	6606	2967	6088	6862	8267	6016	427	4126	6380	685	3806	7947	9376	918	1318	1616	8065	8087	6257	6116	1917	6121	4109	7106	3768	5268	3214	5619	8090	4823	4169	7872	7653	2179	4128	3706	7685	5636	6814	2938	5001	4149	5309	9827	3283	8070	3161	6300	2344	7030	9100	6188	1208	4416	9388	9927	2921	1493	4770	6430	8983	5153
7585	5033	8908	8808	402	9103	730	3468	1407	2061	5248	7736	3929	5937	3238	8134	6445	2059	4080	5490	6212	5143	1908	1789	6689	5814	9745	7230	4173	9863	8328	3175	6208	9829	9045	2045	1760	9838	7103	5223	7117	7865	8820	9852	2027	1952	1393	1414	4930	6481	1381	6287	7715	2428	4201	341	9910	8883	3425	4285	8290	4486	8196	5943	8142	3388	1857	2238	3629	9728	1054	720	8760	5441	3748	9536	1257	5989	2010	2156	8530	7649	9184	8523	6516	2712	3104	2473	2989	3713	1940	335	3819	6397	400	5031	3378	2954	4808	7703
2991	6499	5298	482	6562	398	8937	7799	8948	4869	9960	415	330	7434	4918	6162	7142	104	2794	2514	7007	6991	305	4061	7784	4582	9957	650	9175	7042	1807	9310	1731	3404	887	8734	4455	2860	3416	673	2228	4679	1549	7504	153	8836	9718	7985	4272	9771	4592	495	1688	2994	1456	5030	7631	2734	7830	3901	9484	8226	560	5140	3773	9240	6841	8880	6179	8318	6184	6350	4903	3492	3260	9314	8466	2951	8195	2346	5550	1966	1082	209	3890	4788	4640	9358	6672	2155	3639	638	7761	776	3323	2753	6170	5189	1557	3825
4843	58	1723	6126	7659	7171	2368	3995	2750	389	692	5810	6681	4261	2485	1056	8346	8515	4232	1301	7290	8811	8105	8921	2987	2872	1155	9199	8936	7090	203	1298	6434	7854	8729	1934	4777	2556	4444	6970	4636	6704	3575	95	135	8132	4708	2768	9390	9912	2783	7454	9515	898	9528	431	7240	1238	5693	1773	6726	3790	5824	8152	7395	6273	9001	4400	7539	3939	1087	6049	6738	1822	383	3967	3602	5640	8148	6025	65	14	2895	2656	7012	4716	8555	9868	3406	1654	7848	9976	1994	6784	9307	8409	3642	2126	2224	44
9895	2584	9338	4694	2360	2769	3066	5041	9621	531	4088	309	9305	5079	1647	5213	857	265	1395	378	2168	5483	7056	9276	1496	1220	3046	6070	541	1830	7070	9907	6078	3703	5984	3158	1011	835	5036	6407	7456	6096	2459	1921	1752	6969	4949	4013	3754	2893	1832	9622	7118	6591	8353	3739	3182	4534	7065	6925	161	1485	5607	4967	9841	3727	6978	9301	435	2286	8249	596	5234	7437	9040	4458	3772	3269	2959	6185	5844	8591	4997	1643	2250	2762	4765	5969	1382	634	9085	1401	3294	1290	3121	6259	345	3740	4748	6318
627	5755	7324	8668	6926	3098	834	7278	8832	8840	4585	3338	240	5110	4409	7313	3288	5137	4296	9881	3783	4054	5061	3879	7275	6234	133	2268	3209	5633	891	551	410	3289	1513	4973	9133	9642	6678	859	597	8868	614	4670	3641	7807	1937	6990	1376	121	5569	8992	5391	8603	6429	4979	7849	880	7330	5904	9580	2069	7218	682	3301	9968	1099	7607	9107	2972	2891	6834	4243	2554	7008	8255	7130	6874	2564	426	2079	8150	3494	3854	4094	1535	8120	5604	3307	8220	7569	3775	6859	8127	6314	5275	4768	1033	8531	7541
8106	6063	2738	6050	3743	7749	1961	9282	7085	7606	5716	7196	4857	8573	1615	4022	1735	1805	4621	1402	5908	4072	8388	6947	6837	6371	6688	5616	6423	8156	7781	9743	4033	3050	7335	8851	8583	3945	5425	4985	6105	4439	8006	7867	1749	561	1576	3638	5852	5475	2164	1722	1328	8582	3645	4027	4133	4143	786	1819	2585	8182	7258	1131	1295	4457	8400	158	9963	220	1103	9711	768	5005	3467	1511	789	8175	6332	8459	9512	1143	8791	6900	1291	903	5305	5398	6649	7894	4104	6940	1455	4558	1343	5471	7681	6962	1377	5387
6794	4681	5637	9155	7566	7078	7035	7793	9395	7221	1509	8721	8788	6366	9166	1997	1755	2466	4365	4977	8496	3877	7359	5883	7380	9467	7913	7961	3845	3374	408	6367	8738	5771	7427	8504	3603	9623	3611	3505	1841	7729	6737	5203	2914	7016	4673	7398	2102	5052	2670	6187	1614	6255	4001	7444	8922	2355	1955	4309	7976	1388	4685	1925	9393	3867	3965	5847	2011	3698	9485	2761	6846	5787	7568	8269	6042	676	1530	3805	9948	2754	4039	6719	3605	6628	4020	7274	9148	6041	2136	5642	556	3211	8500	9821	5838	1074	2856	6229
663	7361	7527	5428	5585	710	5066	1705	1164	6713	2949	8456	3619	7939	7474	9194	3379	9584	6576	9572	2417	9898	2917	1950	9940	8670	2696	2545	8313	9088	5385	2390	3918	7053	5583	8833	8865	7594	3723	3280	7046	2004	3536	9111	9828	5021	8834	2831	8946	9933	1774	6503	8252	3194	798	9487	9005	9299	1229	9723	5736	358	6593	1007	8333	2175	8329	6879	9267	8705	8486	119	7697	360	2611	6921	1914	3020	3675	2085	6401	4714	4148	1110	7765	9433	2947	6009	8293	9209	9624	4276	9507	1690	5800	8231	6927	6894	9331	9531
3488	9283	6545	2853	4624	3850	7227	9543	7648	765	5016	890	4242	9434	6389	8861	6592	2896	3986	7586	1768	9703	3241	3147	2497	6813	7033	8470	9124	2267	27	7293	9911	1743	4991	9336	7717	7291	5742	1626	6093	9073	3477	8181	4237	2081	4531	1804	2183	3896	5316	7609	6677	8768	5832	9329	5921	8513	5724	5283	4560	2465	4815	5065	4008	5109	9750	6010	3013	9500	3711	3913	5554	9427	2675	4496	6984	2850	7927	7010	1569	1787	3033	1913	4030	9820	7253	4818	8363	1081	16	9398	2826	5446	3469	4244	9608	1203	5070	306
9382	4023	1736	6618	1512	7299	2221	64	995	6048	2064	4914	8402	170	4634	3144	1448	1114	1245	9991	2979	2666	2095	1859	49	3541	2816	6887	6391	7385	2752	8510	4887	7477	7515	9421	9555	3661	5086	8202	6399	8653	6044	9114	904	8078	2918	4637	4877	2747	5054	1161	9905	2642	6370	420	57	8854	4888	6150	493	1941	7997	951	1730	6696	4866	5697	347	843	5889	5592	4566	4420	8793	5129	3420	7903	2084	4504	7656	2198	3173	1944	5412	2215	6484	2255	3330	9210	6929	6331	897	70	2019	734	9047	3052	7113	7207
4749	1267	7452	1157	6363	3135	5602	1836	8904	1302	4103	7642	5371	3700	1420	4215	5651	5282	552	1578	9160	1375	610	1522	1436	946	822	4549	7198	3192	6056	1909	219	8787	2300	2272	3141	7351	948	395	960	9746	4047	5519	9541	2800	4166	5743	8941	8010	56	7432	9321	7770	8878	5713	4053	275	977	1368	1214	8866	9149	8896	9355	441	3799	1657	2157	3376	8973	5590	4060	2236	5769	1638	3753	9579	7650	7092	2790	2024	8655	7210	9048	9128	7088	162	9072	6928	2041	3692	505	164	1538	9109	1066	4575	9630	6295
4567	6693	4577	372	5549	9680	7473	3091	1790	5013	1253	5867	9205	2442	3504	2177	1586	2049	4721	485	3255	8427	8715	6762	4682	7580	7905	1629	2673	9693	9454	9658	8589	440	8075	2511	9031	8143	8910	4070	747	8607	4879	2645	5392	4760	9666	7937	1153	3149	4007	4211	6695	9620	8620	5540	3139	2610	8477	7426	2492	8797	2093	949	4366	1476	7598	7041	2627	1380	9241	9945	9742	889	3909	247	7412	6290	54	3792	5047	479	405	7248	8129	8972	8918	7661	1890	3316	2846	5344	813	6276	8773	3187	8119	6866	8478	6178
5064	9826	2335	1233	931	8553	8468	9717	8618	6840	7520	2039	5317	3093	6698	3199	3976	7945	2074	1721	3781	1209	7533	5553	2235	836	9822	5672	165	4538	6519	6515	4565	6026	658	9115	5355	6548	5967	4186	2626	5127	4689	5139	705	9749	3128	93	6368	1252	2273	8050	1139	6634	8014	8109	1704	8735	9883	8126	968	9506	5352	9269	578	3804	7120	9725	3747	5802	8633	4326	7341	7310	691	5876	6525	4955	6253	3015	975	2326	9609	1243	4367	8089	4037	9322	3053	8807	566	3191	3314	8520	868	8292	7241	5715	1174	2042
5401	5174	7208	2480	7413	8676	4822	9490	6270	2923	1124	3996	5138	8261	2460	4466	3481	828	6640	3644	403	3115	3401	2939	6638	5886	5060	3734	5209	8800	6165	3080	8204	140	2493	4503	2639	5156	4492	9966	2509	3874	7453	6421	3881	7536	7411	9406	6958	4216	446	1505	5372	6113	3968	9766	2403	8250	7449	6826	5974	9563	4905	7958	4948	2815	8054	6142	2669	5654	4731	2017	2637	1415	7572	1285	4633	8919	1162	2708	3932	4342	7011	6239	2984	5577	8077	8461	7073	5520	6718	2006	5149	8251	1713	2291	434	6262	4527	3712
2849	8890	2679	8622	5861	413	4042	9641	9318	3991	8114	4838	1660	460	1397	3375	7405	2424	9854	7282	1964	866	2632	5363	7741	6707	873	4299	7968	4425	2772	2380	2431	2898	6442	5941	7478	1159	4767	3802	1729	2048	30	148	213	823	3188	1779	9430	4606	8275	9260	425	6068	9999	5782	7116	9493	7044	2706	4883	6558	1697	9967	2456	291	1044	9494	6286	2026	5895	5348	2050	4814	1258	8765	3458	4122	1980	9290	9285	6018	622	576	4012	6428	4498	1767	1734	3023	9119	9525	1289	8036	7132	3163	808	6498	1185	8529
1321	1566	7647	6771	8689	9791	9861	7599	1720	1610	1869	9879	8393	1733	3076	4048	9168	520	5588	5347	202	906	1296	7024	3964	8213	8822	7067	1462	2537	3038	1172	3081	4502	6659	6310	4392	2332	4656	3831	3615	3574	3771	32	4742	1523	361	9373	7191	7547	4218	3250	6060	9932	2732	3978	6824	4700	8027	5828	9428	5750	1563	5432	3763	7941	6786	9289	5983	907	684	1297	4291	5394	8598	9491	8489	4996	7540	2919	7101	9747	1708	3000	6844	1331	7107	6790	6191	8083	2265	5296	9739	2694	6315	5008	4602	1696	2392	1895
1223	1207	392	9990	5306	4746	5420	4668	6238	6845	5374	5947	4428	3650	3807	5463	8398	4851	2486	5884	2253	3368	2532	6146	1821	4665	7389	1965	8872	421	3351	7743	9874	4508	5310	8507	9764	5664	2361	9996	7626	2367	1828	5488	5207	8019	3336	7045	1782	8291	4454	1271	5336	1983	570	2948	8161	4081	2573	9758	7256	3451	4476	4752	5671	472	9058	3325	4085	6237	1266	7251	7644	2234	7205	3393	7399	1583	6329	6823	5164	2359	3880	8100	2563	8336	804	9501	9061	53	180	672	5817	9380	3170	8460	9353	626	9638	4554
703	669	5594	6166	7655	3221	8139	2055	3078	2785	494	8334	1486	2502	5423	8897	2067	3275	216	6880	6831	9448	6705	5176	3232	7014	2418	7835	8493	5970	3614	667	6766	7495	3274	2007	7277	3809	9955	590	6190	7028	1323	3205	725	73	4160	5906	4594	587	7119	1366	3801	3126	3069	112	9636	2266	1885	7921	1020	9130	9411	9732	2150	6729	1593	3679	9904	6792	6785	2907	6119	1190	9559	4703	9404	5414	1116	9159	5473	863	2796	1635	726	7817	9251	7518	824	1260	2955	6381	7664	2342	5251	4152	7165	6602	2389	8838
319	9566	7666	5964	4398	3597	9095	6605	8417	1387	2619	4892	8912	4654	2144	2142	7559	1663	9816	8376	2170	9876	4834	7978	2646	5171	4141	6935	6440	7018	4446	107	1891	6372	5368	8672	1976	3902	3979	6066	5382	4588	3839	3668	1793	7682	5628	8711	8342	9577	9792	3124	8026	5748	9519	8886	5328	8660	79	4687	6805	8469	6594	8057	4569	7279	8111	1892	2453	8637	1347	4692	5265	9903	800	6272	655	4667	838	4999	9550	3427	4520	6074	9046	2678	5231	3206	8408	671	6658	86	6838	7571	8355	7949	5973	3156	809	2695
4919	3683	3100	9138	2388	4853	3056	795	1520	5212	5260	3116	4779	2073	9505	4351	5669	870	6404	635	3951	974	8419	7069	5992	6004	6131	5395	2719	3561	6902	6744	9295	2741	1532	721	6435	4854	7932	4068	7133	8544	3948	2063	8823	2197	9367	2396	7458	6431	4959	9164	2614	6091	2709	3434	7990	8068	3828	2527	7687	3499	2249	7175	7383	9537	3812	1337	9446	8654	4233	1556	9662	2721	5447	8382	1555	6872	4894	8979	1187	3171	1565	157	8780	6684	7832	4494	9284	7716	6258	8517	4196	6645	9126	4676	462	8892	3278	9806
8862	8581	681	6598	1534	1975	5182	5504	3507	59	1911	8570	5242	1968	8131	2963	2440	4381	3941	9302	8113	1852	8397	1320	2728	8695	8064	3133	5202	9618	72	9335	4154	5100	1561	7480	5851	2621	6508	2318	8422	2693	8626	465	4127	7049	624	6301	6394	4120	2182	7514	628	5451	8764	8237	2202	7306	9456	5147	3709	2013	6511	4769	4228	2225	5474	1543	6065	1226	5754	60	677	8289	6012	4515	7769	9665	8691	3737	8951	9619	6561	7623	3824	7526	4129	1315	1943	8345	6619	8198	6082	2057	125	2928	3735	6365	303	1701
1953	7200	4176	1018	9617	6486	5953	8663	6734	8889	1960	7889	4631	3122	1206	449	4691	2874	9697	5403	7557	7388	5389	461	1728	8629	5092	3701	6144	2176	3565	7948	5815	9381	7039	3530	3556	1278	5776	9944	7083	5380	8266	1596	3786	4849	1608	7601	4443	8258	5930	9602	8665	483	1724	3348	2530	1265	2660	6888	6249	6377	1745	1373	2240	1193	3387	4464	5560	6780	4264	8103	3120	7678	1123	5384	7325	3493	4183	3130	8243	2976	4628	1634	7055	200	2975	4163	5356	6217	5680	7645	9437	8825	8041	2822	522	1216	1309	8253
2354	3514	3899	8074	7086	7763	7027	3818	2925	4868	8221	7102	9311	2188	2623	9591	7934	5542	715	8133	3876	4258	6682	1468	7910	7633	9203	9342	524	2489	8977	3284	5556	3110	6979	2195	5007	4077	3908	7262	6895	5327	3917	1592	6910	1068	885	42	1893	1274	4734	2246	3548	9474	2765	7946	8926	4945	4246	8772	3483	9242	3137	5537	5587	4907	7209	1603	9370	2425	5907	9615	6952	9261	832	1991	8278	4916	7700	6853	4469	2114	5271	534	4537	9127	7677	9157	8215	7181	2406	2022	2792	8341	7048	4206	2289	8710	5580	4639
9304	6027	2512	5830	4362	6748	5435	6128	1802	8176	4311	8508	660	6405	2703	4040	2129	8971	507	4630	8383	3912	4898	6674	4942	3055	5643	8418	6968	1306	4813	7767	9492	4937	7583	2910	5720	271	3258	6011	2817	9245	5404	3247	2875	7506	3580	8925	1781	4394	4082	9438	4974	6409	9143	5194	8322	9389	4229	917	4722	3974	2993	7338	8976	9098	5444	9772	5308	7318	6416	1329	3907	3019	7693	2710	4820	9332	1571	3943	9402	5188	4497	4830	7270	2090	5400	3794	3815	5719	3798	2186	1372	3796	5499	2890	2464	4677	7726	3589
5733	759	7524	8343	1927	3302	8158	6721	3888	933	7876	7546	3489	5339	7869	3982	9191	9552	8433	7884	9672	532	4800	2247	7029	8367	2376	604	4939	8154	8351	9875	3697	2111	9614	5195	9705	439	2158	7215	3143	3643	6189	7702	5226	2803	753	3107	2307	6655	544	7918	538	5443	1558	1197	9695	8703	9530	1432	224	3344	7127	3654	6077	9308	1699	8326	4627	4507	4908	7698	9561	4928	81	1649	2953	2922	1996	51	5206	5608	6686	6622	4780	565	2212	4827	9413	6542	8450	4286	9208	6708	2528	4390	2676	5487	7788	7587
258	947	3036	3921	5410	3657	1481	3357	5613	6493	7617	7915	8047	5710	7020	295	7667	9106	7219	1898	2838	3731	2868	7542	1887	3562	6980	5178	4171	4902	1984	5536	9300	6680	336	6732	6159	1353	1438	5631	355	9735	8110	6005	6037	9360	8211	1098	9324	4542	9288	4373	1196	7354	5277	7098	9201	2517	2965	160	9539	9014	497	7608	5885	3994	6478	8784	2411	4184	9080	1322	3503	2836	2889	105	5564	8045	7701	8914	7747	6960	6608	8104	973	8804	3718	865	1559	2983	7899	8185	9156	6021	8634	4533	7155	6915	999	3299
3674	5497	4590	2661	8051	7885	4472	97	1507	5934	3072	3827	3313	9123	1986	1545	8123	6642	1669	872	7924	6641	932	9663	4193	7720	3838	2471	1023	2633	254	3235	588	2855	8239	5829	9096	4334	7204	3942	1672	1855	4732	8130	9878	993	547	510	659	2327	621	5530	234	9187	7844	1710	1070	4204	3893	6924	139	3707	7328	3678	1386	3045	3937	4964	4917	1469	5648	114	8301	8037	1136	7805	7581	8174	6937	702	5457	8319	5869	8415	4220	1910	2488	6637	244	7502	5192	6733	9462	1664	5657	6055	9862	5039	4835	5899
2328	381	3519	754	4083	3975	9270	3529	3705	7496	729	5714	7712	9012	3550	7004	1536	6948	5567	438	5120	7162	6810	3537	5789	7756	5996	3311	1817	2416	7635	3181	3059	391	5675	5762	7485	8714	9984	2405	9521	2172	208	6171	5307	4751	6204	4837	5679	9916	4349	5393	1498	7076	5673	3782	6710	1546	4145	2824	3040	9959	8635	5902	8853	8739	289	7066	521	4235	936	6461	8499	4696	7297	7691	7438	456	580	8244	8924	3412	9719	3870	8484	1231	8522	743	9372	8685	9374	3155	7613	2040	827	8217	7490	9873	7034	9942
6474	8843	8344	632	5252	976	8264	75	4605	4541	364	6406	6656	6345	7238	5808	7043	1451	5533	9172	5238	5467	6788	914	2412	9653	370	5595	9339	7435	7358	7590	4655	2934	2648	69	3057	9473	3343	8238	940	1365	3746	7591	3009	7893	1409	4509	6973	1439	2960	6462	6095	3380	4870	3630	7970	6842	4599	3358	6787	9499	5501	9410	6437	1759	1276	1676	6080	5290	2377	6396	2324	9441	4795	7868	7245	5354	9176	1071	654	4938	1474	5029	4718	9545	396	3365	5819	7943	4153	2883	1897	8375	2374	9503	1073	5575	1360	2876
2298	1753	4034	8981	5038	26	7806	5126	5090	5492	4850	6941	2606	3983	3012	4957	3332	3862	8858	3441	2363	4954	8495	831	7068	167	3895	1349	2894	3620	3460	6603	7589	3440	5459	6565	6206	9676	3337	4794	2635	4107	3462	7222	4435	8778	5988	146	3522	8905	2608	636	5219	6013	6875	3148	6215	7646	3018	2014	7989	3872	4739	3534	6583	7748	6741	9018	5524	7895	9741	1568	3567	292	5338	3716	211	1091	4100	869	9783	1288	6920	9721	792	5131	5919	4017	9265	6554	9886	8436	8995	279	5280	9592	8898	455	83	9432
7294	8733	3471	1239	699	5470	2609	55	9202	6798	2147	9425	3193	9060	7232	5799	1100	6251	3725	942	9312	127	2444	2436	7981	7408	9684	9066	6651	2448	1528	652	3017	5897	2166	4936	9351	1427	6538	2901	6769	7673	8597	9770	6647	1899	8564	8563	386	3604	1250	5918	9151	9253	263	3189	5579	4603	6094	6495	6472	9420	451	9604	6376	7977	1562	9234	5722	4222	2372	6575	2722	6244	8813	4787	18	7695	8997	255	5198	1837	4151	2254	4890	6950	6347	6809	453	7386	5752	9656	6028	8562	3851	5241	1882	3863	3097	4210
3858	9146	8212	7847	7754	4610	801	8569	1447	5557	7922	8021	8091	5503	8746	849	3560	111	6767	3498	8550	9669	2551	1597	8526	7611	9562	2833	5074	3821	9840	709	3201	5040	5478	939	379	3946	3518	7818	6269	4510	8560	6610	1283	2644	1398	9603	5858	8998	8421	269	4900	6639	1241	1019	9101	6665	3415	5485	6157	6506	3922	2088	8320	8855	2096	6317	1628	4488	9227	2704	1120	2408	3190	2498	9316	3265	8097	6556	640	8046	9183	7367	5995	8430	7425	7551	307	4450	9678	2603	3751	2003	7816	3904	7789	679	7237	7660
7099	7488	4483	6760	7257	6110	8850	2805	5656	33	141	9851	6161	5381	1942	3586	8491	1151	1956	871	380	3571	2193	6067	9431	8377	5772	3328	3454	2139	6427	6567	7866	4578	8011	5048	2162	3383	9847	9934	5183	9067	9823	1357	3595	353	3482	1902	2082	783	9593	8020	4279	1618	8731	2476	1631	382	1858	7668	2051	9464	5709	1661	6923	3276	1698	6966	7931	7487	9753	8986	3972	3125	2169	45	7775	5057	7283	8525	574	8431	4793	9237	5615	1719	8394	2232	6577	7410	6912	2199	4551	9938	6892	4252	592	8474	982	888
7006	6467	5018	7315	595	8234	1043	2451	6553	4177	9731	1222	6540	2809	2077	6725	9616	5205	3117	8651	6453	9069	296	3950	9256	8920	4185	6746	8084	6014	2616	1036	2588	5835	900	9170	8193	1021	9137	4271	4726	1979	6722	5985	5568	9259	8295	877	8817	4050	606	8412	277	6108	8330	4802	5950	7089	7206	5180	4188	9913	5786	9915	1862	6006	1041	4524	8473	3606	8874	7137	6764	7853	4277	5300	2299	4754	126	782	8682	5333	1888	2631	5453	1762	4098	7442	9759	3407	3686	3859	2594	6086	9754	3159	7950	3029	9950	6341
4723	1670	633	3578	2433	5704	2924	7612	2577	1268	4424	9842	4421	4051	9470	6555	7255	6735	5415	3377	1264	7051	4304	3585	5622	5695	7345	9084	4440	3820	1478	1718	4530	2393	9713	3933	6382	3136	4384	6455	3251	6728	6943	8502	5076	2690	6224	7334	781	9556	6616	4208	4762	3587	5437	3626	5148	5721	7719	5606	1434	2105	8678	5753	5281	8806	839	5167	3663	7709	7883	7459	7942	7998	4132	3788	806	9116	6138	4065	237	1317	9849	1017	5045	4784	1863	8372	4360	5107	2145	4137	2867	8439	7694	5365	9050	1884	6228	6400
4315	5868	1015	5917	5003	3413	4881	1812	6073	9846	8521	2366	179	1399	4231	6522	5094	2810	1215	7096	1771	8848	7783	2647	5388	4619	5500	3785	9211	9246	4950	2038	2075	233	8392	9646	9161	5357	459	4581	2357	3372	9864	1359	1935	9689	6781	9558	6903	712	5468	8736	1457	3102	5056	793	7329	2980	1224	3303	7986	927	516	385	5379	3690	4876	6599	2866	9815	6796	5270	6252	9092	4550	9736	4717	2122	3382	1242	1725	2929	9691	7403	7286	4653	4980	1580	4584	3291	1003	5667	2814	7760	2152	6992	375	1737	8256	8307
